1 0.6211111111111111 0.9861111111111112 0.33111111111111113 0.027777777777777776
1 0.6033333333333334 0.9375 0.27111111111111114 0.06944444444444445
1 0.6011111111111112 0.85 0.23333333333333334 0.06944444444444445
1 0.7188888888888889 0.7819444444444444 0.26222222222222225 0.10555555555555556
1 0.6844444444444444 0.7111111111111111 0.2222222222222222 0.06666666666666667
1 0.6511111111111111 0.625 0.24 0.10833333333333334
1 0.7033333333333334 0.5361111111111111 0.2111111111111111 0.05277777777777778
1 0.5822222222222222 0.5333333333333333 0.051111111111111114 0.06944444444444445
1 0.7288888888888889 0.425 0.24222222222222223 0.08333333333333333
1 0.7188888888888889 0.35833333333333334 0.2688888888888889 0.03888888888888889
1 0.7122222222222222 0.2916666666666667 0.37555555555555553 0.08333333333333333
1 0.7588888888888888 0.03194444444444444 0.24222222222222223 0.06388888888888888
1 0.5877777777777777 0.059722222222222225 0.13555555555555557 0.09444444444444444