1 0.9788888888888889 0.5888888888888889 0.042222222222222223 0.2833333333333333
1 0.9111111111111111 0.6513888888888889 0.06666666666666667 0.41388888888888886
1 0.85 0.6291666666666667 0.05555555555555555 0.3388888888888889
1 0.78 0.6263888888888889 0.05555555555555555 0.2916666666666667
1 0.7255555555555555 0.7736111111111111 0.08444444444444445 0.3277777777777778
1 0.6688888888888889 0.7305555555555555 0.05333333333333334 0.2777777777777778
1 0.6 0.6888888888888889 0.08666666666666667 0.3
1 0.5288888888888889 0.7541666666666667 0.042222222222222223 0.2638888888888889
1 0.5266666666666666 0.6027777777777777 0.05555555555555555 0.06388888888888888
1 0.44 0.7861111111111111 0.06666666666666667 0.30277777777777776
1 0.38666666666666666 0.7736111111111111 0.03111111111111111 0.33611111111111114
1 0.3333333333333333 0.7652777777777777 0.06666666666666667 0.46944444444444444
1 0.11555555555555555 0.825 0.07111111111111111 0.30277777777777776
1 0.14777777777777779 0.6097222222222223 0.07555555555555556 0.16944444444444445
1 0.04555555555555556 0.6597222222222222 0.09111111111111111 0.30833333333333335