1 0.5236318407960199 0.022267206477732792 0.291044776119403 0.044534412955465584
1 0.5659203980099502 0.08906882591093117 0.39800995024875624 0.08906882591093117
1 0.4962686567164179 0.25708502024291496 0.31343283582089554 0.11740890688259109
1 0.48507462686567165 0.3360323886639676 0.19900497512437812 0.03643724696356275
1 0.5808457711442786 0.5182186234817814 0.4129353233830846 0.29959514170040485
1 0.5335820895522388 0.6983805668016194 0.3756218905472637 0.10121457489878542
1 0.4141791044776119 0.7165991902834008 0.03233830845771144 0.04048582995951417
1 0.5223880597014925 0.7854251012145749 0.31840796019900497 0.07692307692307693
1 0.48383084577114427 0.8441295546558705 0.21144278606965175 0.04048582995951417
1 0.4925373134328358 0.9008097165991903 0.263681592039801 0.0728744939271255
1 0.43532338308457713 0.9696356275303644 0.13930348258706468 0.06072874493927125