1 0.9813432835820896 0.5020242914979757 0.03731343283582089 0.340080971659919
1 0.9415422885572139 0.5 0.0472636815920398 0.340080971659919
1 0.8706467661691543 0.48380566801619435 0.05970149253731343 0.31983805668016196
1 0.8072139303482587 0.5404858299595142 0.05721393034825871 0.47368421052631576
1 0.7524875621890548 0.6072874493927125 0.05472636815920398 0.6477732793522267
1 0.6492537313432836 0.4939271255060729 0.07213930348258707 0.5101214574898786
1 0.6007462686567164 0.4757085020242915 0.022388059701492536 0.32388663967611336
1 0.48880597014925375 0.631578947368421 0.18407960199004975 0.6720647773279352
1 0.3781094527363184 0.5546558704453441 0.06218905472636816 0.611336032388664
1 0.36691542288557216 0.3603238866396761 0.024875621890547265 0.05263157894736842
1 0.3246268656716418 0.5364372469635628 0.0472636815920398 0.5182186234817814
1 0.2885572139303483 0.47368421052631576 0.024875621890547265 0.3441295546558704
1 0.2537313432835821 0.48785425101214575 0.04477611940298507 0.4291497975708502
1 0.20771144278606965 0.39473684210526316 0.04228855721393035 0.22672064777327935
1 0.16293532338308458 0.5060728744939271 0.0472636815920398 0.4939271255060729
1 0.12935323383084577 0.34615384615384615 0.02736318407960199 0.06477732793522267
1 0.09950248756218906 0.44534412955465585 0.03731343283582089 0.3157894736842105
1 0.03980099502487562 0.48582995951417 0.07960199004975124 0.3319838056680162