1 0.8408333333333333 0.5518867924528302 0.25833333333333336 0.5943396226415094
1 0.6366666666666667 0.44693396226415094 0.09166666666666666 0.3632075471698113
1 0.5608333333333333 0.5070754716981132 0.09833333333333333 0.4009433962264151
1 0.435 0.4716981132075472 0.105 0.4339622641509434
1 0.3466666666666667 0.47759433962264153 0.075 0.35377358490566035
1 0.275 0.4893867924528302 0.065 0.4033018867924528
1 0.19916666666666666 0.4705188679245283 0.095 0.3584905660377358
1 0.13416666666666666 0.4528301886792453 0.051666666666666666 0.2830188679245283
1 0.09083333333333334 0.4540094339622642 0.05333333333333334 0.25
1 0.035 0.44339622641509435 0.07 0.2783018867924528
1 0.9183333333333333 0.43514150943396224 0.04666666666666667 0.18396226415094338
1 0.8808333333333334 0.43042452830188677 0.03833333333333333 0.18632075471698112