1 0.5475 0.9466666666666667 0.11833333333333333 0.08222222222222222
1 0.5708333333333333 0.8866666666666667 0.07833333333333334 0.04666666666666667
1 0.5433333333333333 0.8311111111111111 0.15 0.06888888888888889
1 0.4583333333333333 0.7333333333333333 0.30666666666666664 0.12222222222222222
1 0.5825 0.6855555555555556 0.055 0.05333333333333334
1 0.445 0.5922222222222222 0.3 0.1288888888888889
1 0.5883333333333334 0.6311111111111111 0.09333333333333334 0.06
1 0.5075 0.4688888888888889 0.24833333333333332 0.07777777777777778
1 0.4716666666666667 0.3888888888888889 0.25666666666666665 0.09555555555555556
1 0.4675 0.2733333333333333 0.295 0.12222222222222222
1 0.52 0.11777777777777777 0.24666666666666667 0.08888888888888889
1 0.49833333333333335 0.03666666666666667 0.32666666666666666 0.07333333333333333