1 0.835 0.43666666666666665 0.06166666666666667 0.15777777777777777
1 0.79 0.40555555555555556 0.035 0.10444444444444445
1 0.7483333333333333 0.44222222222222224 0.051666666666666666 0.2
1 0.675 0.5555555555555556 0.09166666666666666 0.4088888888888889
1 0.6391666666666667 0.39 0.04 0.07333333333333333
1 0.5691666666666667 0.5733333333333334 0.09666666666666666 0.4
1 0.5983333333333334 0.38222222222222224 0.045 0.12444444444444444
1 0.4766666666666667 0.49 0.058333333333333334 0.33111111111111113
1 0.4166666666666667 0.5377777777777778 0.07166666666666667 0.3422222222222222
1 0.33 0.5433333333333333 0.09166666666666666 0.3933333333333333
1 0.21333333333333335 0.47333333333333333 0.06666666666666667 0.3288888888888889
1 0.12083333333333333 0.5022222222222222 0.11833333333333333 0.43555555555555553