1 0.5475 0.05333333333333334 0.11833333333333333 0.08222222222222222
1 0.5708333333333333 0.11333333333333333 0.07833333333333334 0.04666666666666667
1 0.5433333333333333 0.1688888888888889 0.15 0.06888888888888889
1 0.4583333333333333 0.26666666666666666 0.30666666666666664 0.12222222222222222
1 0.5825 0.31444444444444447 0.055 0.05333333333333334
1 0.445 0.4077777777777778 0.3 0.1288888888888889
1 0.5883333333333334 0.3688888888888889 0.09333333333333334 0.06
1 0.5075 0.5311111111111111 0.24833333333333332 0.07777777777777778
1 0.4716666666666667 0.6111111111111112 0.25666666666666665 0.09555555555555556
1 0.4675 0.7266666666666667 0.295 0.12222222222222222
1 0.52 0.8822222222222222 0.24666666666666667 0.08888888888888889
1 0.49833333333333335 0.9633333333333334 0.32666666666666666 0.07333333333333333